-113.33267920512121
-135.51072703505315
-158.30170005918436
-160.7809548380816
-163.3607899856699
-156.3327730979545
-153.47336784288422
-147.67377899859144
-144.74578941048816
-143.99080025067835
-135.97200886533284
-131.41314374653825
-116.12287234463447
-100.50263663737132
-82.21944336251637
-68.35116807924743
-52.67588763969158
-43.40991920637079
-27.495971972288938
-7.661582687312648
-1.0253715424326828
14.372555916253454
23.508405246715494
28.407700800188913
30.648052416296654
34.996760370195666
40.016966075977756
46.04765060921821
49.531013126442275
51.800242023477765
54.566650361300184
56.404129235509615
58.191928320191536
57.81957691849294
62.76540741068363
63.51895761932981
65.07520426957427
69.8200755472301
71.56720435696202
72.21008600785763
75.87518299609548
79.92544605324434
83.31140029696611
90.92135517622918
92.08931942068875
94.19076452057222
95.89775935021537
96.86126182631602
98.25590689822812
100.71801216351922
100.371351351987
99.40872548081259
99.16422271813734
97.53982680155389
96.85848375760243
96.4141721980888
96.60708958010726
96.30028396505831
95.05551550062864
93.0041027223186
93.28982559174776
93.00503837207889
94.49225792531965
96.23086976651439
97.26132518943139
99.40052469243717
99.682461285618
100.36866681511727
100.31642311441118
100.51115897005049
101.04987912538706
98.3108342351218
95.18943282673375
89.81052000950774
88.40757384807915
83.62615686588627
80.04690220878075
74.90957477095496
67.76994141694031
61.81016073676847
54.970879197602954
54.81076100595076
52.16439204702217
50.25430167337776
45.392628746002295
41.94960216000637
36.984461711124865
24.918982881226338
23.628105918776825
26.330183143146336
28.468114926167505
27.36859259907575
26.09269211731302
28.35076529837395
33.12180078105946
33.674136225342245
40.673606546222736
53.00701528738516
58.86765429564928
58.359022958752085
60.03516899498449
61.20988274953379
67.11138199594922
69.75540316180279
70.78810279733398
76.54734463210234
74.65470696406767
77.16823484225053
80.08350609490773
84.56940024638736
88.58192152328536
91.76917601450064
89.62500453140801
85.02665957548396
80.10057373624007
75.11092747602773
65.05382872483773
53.98546489898363
36.88976676488332
24.99371888539028
11.430968822066056
2.4012364144810006
-1.585768834584112
-9.242244164051433
-17.086028447401763
-20.052730816941207
-18.629283992617978
-16.335431917725895
-1.4618941190842807
-3.0318426728787187
-5.20760815377266
-5.1354321229938975
-10.032196530093833
-4.050677109563932
-3.2672241092835588
-5.629223262118246
-6.880978929810872
-9.358271694625731
-17.6477766403585
-16.943034985547097
-10.742929645227777
-13.198825982037395
-9.431393682561872
-6.860871240129651
-7.013608993511395
-5.702314895267864
6.135138764476225
20.26193010529199
25.607793441645992
38.499538691631216
44.107318227252954
56.64780063929854
66.10322081879355
72.15185825615181
81.84324627864368
96.42518241303675
98.77904434671407
98.2298146409245
101.62165794988199
100.7934268326266
103.00138087420088
104.47910948403025
103.8565096643742
102.70157094486473
106.00817787354043
103.10762582230662
99.29560600347473
99.55965879286076
100.43026372188922
100.27388940638599
98.45442650485955
95.0355128488373
90.29652742975635
89.40512232020814
87.32507058312545
87.5023589313584
93.69098162912114
93.27692175416682
87.14025249142092
86.56884617763573
87.9399774366006
85.83829762860738
84.99770718028037
89.2684408374973
90.974865630143
91.83171721291534
88.17460072341729
85.12404434783573
87.60434485412378
86.19072300604091
84.37462617441497
77.78526162490375
81.93002496914961
73.23445818254154
69.5633877643275
64.2749676482893
57.69937125015062
50.189851688222134
45.56200181258746
33.944422901269434
