-246.5711101176721
-195.0899890307954
-183.31488649479385
-181.69668924193758
-186.77598307277083
-182.5561810812751
-180.42048584626258
-178.25276097781398
-176.37875538906675
-167.4858246620587
-157.36329588540193
-149.52574519094824
-138.5292826273144
-127.46210381108625
-114.21953712647765
-100.00971023102593
-83.5194920254882
-71.73704558148522
-57.6723512920744
-54.72366952815179
-43.36486652499221
-37.37943737584841
-31.602978962489075
-20.706694905271306
-13.85183706370567
-9.813952241667016
-8.482601711026893
-7.1593831745501255
-0.5048764081184871
8.947242804111793
13.079116126032778
16.917059245835897
17.63679023621957
17.37684414431512
20.854147222692667
23.12073624916286
25.77701529994345
31.480901547683693
30.1780369799491
31.987447239842666
35.20162779382223
32.69325615131147
35.152319497366776
31.08085318906948
30.093610838316202
27.583755396592252
28.05473751297416
30.196829798113217
30.196078068440546
26.953976625635192
29.31164919430604
35.77182252748223
33.89979614196806
39.900975126390726
44.34819826342999
47.49424135889684
43.38740864698243
37.35575618751539
39.71548898205202
40.29047249702417
38.07203429574707
33.22447133424284
34.3338666342386
34.043009085049334
30.728573987707296
31.308119440325182
37.836152775651634
44.2886273625459
42.466953666566084
45.65407801705988
47.51143018123637
50.67006096329797
53.861513252448624
52.50103506215933
52.72087012366027
53.34183138073027
54.471312909186615
55.47939553557486
56.55008002362108
56.43311818887942
57.75718351354262
61.0841751121055
60.95063556613767
65.48163454696225
69.71678419806804
71.17972843160243
70.96673585349252
72.78096573467529
76.14552053909586
79.41158650784874
79.9370879562717
79.43770419926047
79.54186636934055
77.47456473597043
74.73493028475556
75.25830799132565
74.94277471773647
73.25490698748828
71.56621883166181
70.34527640352327
69.92174999536836
69.16472076467912
65.14671279741886
65.57578163550018
68.70868249570867
65.88800990846008
64.1418164752658
63.06231062059524
56.09177506685023
53.95180132583408
49.027612109914735
40.43167283889559
41.227373006496826
36.225185341270304
32.21825143685568
21.312422908336284
17.565080076341623
6.817233521446709
10.070547793930421
5.423592862181815
-11.865814138165065
-12.032528230096446
-21.792645476625715
-21.425701485673336
-16.999779527104746
-2.5808219787073923
5.154689303241659
17.972474222792492
21.910385201880164
27.024333812406535
48.778851537506064
58.09209937703596
72.87719711979213
80.09449930603623
80.33146707366569
79.51145509414083
79.15505018633385
79.7270812345829
80.45139763435182
81.94963253439607
84.00406647543682
85.03422566360452
84.93106398115887
83.02682387138728
83.8787167088191
83.97476573951148
83.56259721454302
85.1390049498393
87.62595524391942
89.7008640629806
88.24322474969203
88.67479164182664
89.29474040390865
90.7809461891064
90.03598044685707
91.46066112458922
91.07252270090424
86.66493406817136
85.06618303321751
82.1014772307808
84.27062007540859
82.34346514156951
80.02114283254531
81.19285914703987
81.18981011451791
79.74322218911784
78.16051924499536
82.15193561535352
79.86405324186521
80.05350611054673
73.90679505234631
74.38458109177265
77.52460143558461
74.69754791229533
75.17890467353493
76.08221763517354
77.18061894032444
78.53611123214343
82.1680337317506
85.17666571316659
91.78255487636096
94.29076838652658
95.67545540526406
98.63616553519466
101.15350341747416
103.16399122633862
106.4541729718868
107.06665130675741
108.5300236134784
107.61244478447601
103.49833866533507
98.14004410771597
87.41045644095365
78.9122978316443
72.43489889224864
66.91563494748443
66.38228039258766
65.88098412754262
65.17326434985374
66.44409621495923
