356.2
403.31000000000006
492.21999999999997
526.7650000000001
548.504
578.1033333333334
586.9314285714286
606.7425000000001
617.7755555555556
644.488
684.3820000000001
721.46
728.642
737.884
747.904
756.7280000000001
778.25
787.754
789.542
776.8620000000001
795.368
777.68
788.052
811.158
825.1600000000001
836.6099999999999
838.2299999999999
846.26
864.75
880.668
895.2459999999999
923.768
957.278
960.902
970.65
971.6140000000001
977.314
974.848
974.766
977.4979999999999
970.5880000000001
993.918
970.124
968.936
975.0
965.3800000000001
970.89
963.97
976.7420000000002
979.314
1001.4979999999999
992.0
995.35
995.948
993.358
1018.8119999999999
1026.492
1055.442
1051.422
1033.114
1022.0840000000001
1019.238
1031.534
1032.55
1019.6139999999999
1017.9860000000001
1024.7040000000002
1020.6879999999999
1023.1360000000001
1038.2220000000002
1027.336
1042.892
1038.152
1062.6200000000001
1099.9080000000001
1118.6080000000002
1128.672
1146.2259999999999
1168.9540000000002
1189.614
1205.226
1205.346
1199.984
1176.0539999999999
1144.444
1127.148
1122.164
1092.92
1077.252
1067.204
1050.126
1051.3139999999999
1058.932
1076.106
1062.388
1067.67
1059.6699999999998
1078.724
1077.4299999999998
1093.4239999999998
1087.792
1070.854
1059.6119999999999
1042.31
1067.438
1067.664
1075.104
1065.0439999999999
1070.652
1052.9460000000001
1067.962
1083.4920000000002
1112.29
1123.074
1130.2459999999999
1147.734
1123.49
1123.092
1118.822
1132.6760000000002
1128.114
1113.828
1103.5040000000001
1092.838
1084.084
1066.002
1074.854
1073.6699999999998
1075.3020000000001
1067.398
1077.492
1089.074
1091.122
1087.532
1101.8179999999998
1088.7779999999998
1118.012
1088.7559999999999
1093.404
1091.326
1092.768
1105.738
1106.5099999999998
1133.7959999999998
1127.618
1141.8719999999998
1116.998
1147.018
1140.736
1136.154
1138.092
1136.388
1121.636
1105.404
1120.826
1120.122
1118.848
1129.77
1134.288
1143.644
1151.34
1153.516
1158.212
1149.0620000000001
1120.8919999999998
1115.06
1110.798
1103.068
1110.66
1110.39
1097.9440000000002
1091.124
1087.134
1090.484
1097.758
1097.6399999999999
1117.746
1120.558
1123.102
1148.898
1143.834
1133.528
1137.908
1142.9959999999999
1150.6
1156.876
1144.2859999999998
1133.438
1123.4720000000002
1090.718
1094.634
1105.674
1120.048
1145.24
1169.6219999999998
1169.8899999999999
1157.4879999999998
1180.164
1182.7220000000002
1179.294
