41.321084206491975
113.50754336166385
124.64115175619612
100.27116434947787
74.6234519705434
80.45931159426
114.67135236431646
118.70822596812742
111.76800164891826
109.31206400027399
115.17991029689165
144.17024380918556
149.08328670914122
164.56791164744115
179.45703748808515
185.54570233772594
181.46952890223747
186.13857736643413
190.49892329354515
193.46094555749485
199.65346953158615
195.01229202283633
190.2037742422584
182.5481793280886
182.2327333933177
188.9836007700139
180.7320648916512
194.24359067933233
216.55401617148544
214.6562335829081
236.62148462047986
250.65446809502515
249.6431406147584
237.83663581542692
237.66214591305868
219.09006500523938
223.50677364232166
180.27472539432702
162.23214719654052
168.6290733414615
147.94360444439633
142.5473342297217
149.0239730513182
176.10395720709968
175.80230635574722
199.5977737350795
185.72886453106852
197.4690972278954
192.07909510407427
184.74998658727964
179.17578010434335
164.8710719319796
168.7605173018855
164.75984794846102
173.37494148809392
155.49791630758276
156.3280624072338
166.25994868277806
177.75271265440648
150.42052633866163
169.85577524476466
177.4868715595607
161.2075520067221
159.39609631355472
166.19108202307365
178.5097954287103
163.00585739169006
154.5100693676629
139.22243477256094
157.99258063592734
151.3220165871444
149.24305335927696
151.27825030717406
140.63662495950334
136.0456304921257
123.74543165709191
127.65984903641396
120.0622701101391
131.93464815581996
112.53134471781628
104.74627298381552
108.82582296495626
100.1114971619144
96.5436039517896
72.76959931180053
89.64553829388278
85.29603240479591
103.76281164270752
83.18531394422939
95.54531377309934
95.61901810832407
86.84601282730252
87.62198591677776
104.33095908693642
110.30276540504322
86.84580174078654
97.69103295594739
71.50553086300388
66.19222220170586
42.32802929501915
67.08088144918786
72.29029578027749
78.10397285669916
67.42096409871337
80.10350589081605
66.59666436091223
45.6305172444933
51.67494696659107
60.36021616926171
55.968701467874006
48.041987219514574
63.86138501473329
60.97315835677203
57.38494039380023
37.92007362862049
47.423188252162106
29.11187524018333
40.959420601370844
43.90863213537855
75.6867968935137
82.12893390273614
67.59389599660608
92.78458268484047
95.4694923836929
92.94571740537593
92.32785980406997
90.48614448632452
95.28382255136492
94.54955555686125
87.4775691020275
63.98191444463036
77.14878109212098
46.24031851101373
63.51531607415645
56.25509520034607
68.96059176080209
64.74768826761307
70.34820611785347
61.16284578075154
77.21606532322146
90.95089145247562
98.9016922807694
103.8466619588709
102.41403118713765
92.52227999784702
74.70069729259558
80.83807602856464
60.29689524345348
64.35581049136118
56.81774075057895
74.08567618642617
90.47303231350213
99.12282574664626
95.45536100188403
98.14077676480862
98.03163375156005
92.70543466269926
103.84379981491433
97.55301356698315
97.13013097901187
68.69482746175287
68.04145107212219
47.07753663903836
26.049876314485672
31.221450574885196
30.35253136066246
47.54183858455624
80.10611771893578
83.73584059409684
72.87401374975859
78.20027125272652
94.79024857019841
123.25048942702017
122.86033120580457
122.28210914111679
116.69249727381789
85.25962481737766
51.215559120251726
58.818987206513505
59.692385243010676
44.47097597309958
48.85286579106698
37.37547184986435
39.79929275753526
45.72214605636964
43.86979306994738
53.54436687458355
66.68165486848685
71.67520530839097
73.16477141357035
80.20547527444748
47.63124797861167
62.80747643394057
47.87840640622868
38.95790517982198
33.32190210657249
61.0633930927524
60.388250711541545
57.767901260128916
59.638581002569154
