658.1999999999999
600.2666666666668
514.2666666666668
472.81666666666666
544.5
569.8277777777779
596.8190476190476
570.0875
569.3037037037037
585.02
565.9399999999999
611.1933333333333
633.6566666666666
675.2033333333333
639.8433333333334
656.0766666666667
643.3066666666666
681.11
711.0300000000001
746.3299999999999
785.5966666666667
774.8733333333333
804.6266666666667
818.2633333333333
862.9699999999999
833.4033333333333
843.6466666666666
827.8233333333334
824.6866666666668
806.02
809.56
803.59
820.0466666666667
822.7033333333334
825.4200000000001
855.8133333333332
854.9433333333333
853.7766666666666
871.9533333333333
858.93
871.0166666666668
877.0066666666668
859.0866666666667
828.14
805.6333333333332
814.7666666666668
827.4766666666666
864.0766666666667
878.5
888.1466666666666
882.3433333333332
879.6933333333333
899.91
927.0866666666667
965.1466666666666
970.9133333333333
998.4433333333333
1017.3833333333333
989.8933333333334
986.39
998.4
1023.9166666666666
1010.3666666666667
1007.7733333333334
990.3333333333334
993.14
970.0433333333334
959.3800000000001
978.4333333333333
986.8666666666667
975.5633333333332
971.64
983.1133333333332
985.5300000000001
980.6899999999999
996.5533333333333
988.65
1004.5233333333334
1005.1866666666666
1030.7033333333334
1029.6499999999999
1032.4866666666667
1030.92
1023.2466666666668
1012.7000000000002
986.5733333333334
1025.4633333333331
1004.5266666666666
1024.5233333333333
990.5766666666668
1009.0066666666668
992.1500000000001
1022.1866666666666
1052.91
1087.7466666666667
1091.1466666666668
1045.3666666666668
1047.0133333333333
1010.1833333333334
1025.74
997.0266666666666
989.4866666666667
971.3266666666667
956.37
964.3666666666667
950.8666666666667
988.4933333333332
995.9433333333333
1028.4233333333334
1027.8433333333332
1053.6833333333332
1080.6433333333334
1067.98
1097.24
1064.75
1087.43
1103.9666666666667
1098.1733333333334
1078.8099999999997
1091.7833333333333
1096.9766666666667
1088.0166666666667
1078.3833333333334
1061.9633333333334
1090.2533333333333
1109.2433333333336
1096.9533333333331
1105.9166666666667
1117.3933333333334
1119.4966666666667
1108.7066666666667
1127.27
1155.72
1150.04
1137.1333333333334
1082.7433333333336
1072.28
1071.0233333333333
1041.0800000000002
1017.6233333333333
1039.3766666666668
1027.8366666666668
1035.3433333333335
1061.3466666666666
1077.0166666666667
1112.9833333333333
1119.5233333333333
1116.1966666666665
1152.2366666666667
1174.28
1170.5200000000002
1182.6633333333332
1194.9266666666665
1191.2466666666667
1182.5933333333332
1179.3433333333332
1179.5466666666664
1164.0566666666666
1149.9866666666667
1155.94
1134.9766666666667
1127.6433333333334
1105.3000000000002
1092.7133333333334
1083.0166666666667
1079.2133333333334
1081.8233333333333
1106.0033333333333
1117.8066666666666
1107.0266666666666
1120.3866666666668
1117.3366666666668
1119.63
1121.7533333333333
1117.4433333333334
1149.3366666666668
1136.8933333333332
1141.2033333333331
1161.3999999999999
1172.53
1153.4733333333334
1158.1033333333332
1129.04
1130.6666666666667
1130.4733333333334
1115.4866666666667
1112.7233333333334
1108.78
1107.7699999999998
1103.9566666666667
1136.5133333333333
1122.2966666666669
1135.3100000000002
1143.67
1157.2533333333333
1134.7033333333331
1148.1000000000001
1167.8433333333335
1151.6366666666665
1153.8233333333333
