128.1354231532665
36.61903724688688
34.58070538877404
56.71412351042337
34.78452912814354
46.74805667050917
79.18658267208812
81.03407462296339
83.91885279599177
94.39068739376077
89.79808795291802
117.00075507828525
147.74060270923795
154.98996619853241
155.6057441813194
179.57461259568092
170.55992619083244
183.7333655055608
191.6956370569416
201.37945294062814
220.82327841260053
234.38720618289352
228.71955088176335
213.10329409832116
244.59295424575635
264.2608854059858
262.84266641641136
274.3635449949979
270.18920485878454
255.04603466825355
236.33247103744904
238.4239255332121
251.31998319981548
261.60222021653834
260.74152296862883
256.9700252731608
238.89894381423198
224.61145330449108
225.00819427053958
223.39048517487637
219.20977431573525
231.28402082480514
225.0575645375102
229.60461711385514
210.167571290678
178.303609485494
220.6409013658971
211.4163286556226
230.92677454119516
247.75432271147605
256.79542315928364
220.51300737648617
229.73638646645998
230.64626369303176
251.05130104334359
254.72757164381625
209.64072160616973
202.006643840136
175.49592100356318
160.9938988492007
134.58628236191086
122.55750278497388
69.15921984008268
54.35491350579292
74.02330503894626
57.771221786168425
65.32188726265915
57.08763847512585
42.672675358151885
78.83113696728952
94.29454785699726
107.3424634833143
95.89659094856059
82.26335312073459
65.28216346496698
111.12267015430392
97.11127363322272
105.07046598460589
140.69221971697255
98.11501425481339
95.01426454310254
105.21538617944091
141.46201068366963
181.2248145873578
177.4555786668878
157.15653392575047
162.81569423396775
138.2818930863891
92.01752345190684
93.84739610429027
105.57991486178713
83.98710734392512
74.28605312499032
70.37947570137194
81.52051902571658
72.02943858050136
72.0231302352855
124.32178927641318
132.39474922451498
140.84394295342156
141.76882363748228
140.6135020385865
120.00170702489565
134.23619780074225
114.68234398643163
126.35555451010279
110.95503904234762
114.1042337319503
92.35159422314024
95.2798699737894
91.18792366438781
90.60472774027245
92.59826600248334
61.6934912828465
72.91969829888218
90.74410430803024
112.24721416983535
92.38933608497369
110.89149922333992
114.07436064057319
138.58013381754577
133.16900573665356
164.7043527725428
185.6840525073587
167.00174696358386
148.0965307568757
125.65376618134275
117.5077669300582
109.1376178144925
101.65842983026816
74.7637658822032
94.40583350619812
80.05349003426815
68.40570785151392
80.13630984488593
81.84829557717673
71.82318613558348
59.10698172710977
61.65109947654357
78.34718558371382
79.4211199171158
68.90110900574987
77.29211962131426
79.49344724916358
40.87338851733348
46.158178281017726
85.12610658442114
89.83805813177887
60.43317098709582
43.692851436667155
48.47994499446827
55.18649613406841
29.606491780613798
77.49235417481883
95.858549030445
81.03974511860763
92.30281336750002
102.33989034367565
133.774004782527
122.05348090079198
115.99176187222184
116.95380408045261
110.58735943437055
79.29936625780114
68.67457090429387
40.997496942564126
14.72447018477141
9.852858581255662
39.722467473990335
43.39664836008524
50.84808245046112
46.25765258011066
85.56758420492345
113.12432285862413
96.45783615422629
99.55851925152139
109.62569082513859
96.53169922650048
58.04794971975037
68.11498562479969
45.74537086477228
43.490606137673275
51.062483945325944
65.9846291865681
44.944529020659346
55.94124854603162
62.16344281185055
75.13287740175183
53.3834512434956
61.714156308653244
37.38937668494738
14.768376876134933
16.557972903307615
14.297391370456358
6.418755504162889
39.227898519067004
23.715802045612293
63.36321979052378
68.37772168054613
67.5346747152075
