138.64107937003698
140.97415247720647
160.26321636145494
110.06837269019047
128.54792137132705
99.47484358456084
110.66622981636586
90.10651008513327
97.25233057602853
115.08755131058557
131.07118990160356
138.34584658263748
94.52168992705681
141.9919787249344
109.17456327673891
125.89926034554594
123.15821703086732
144.9385042775805
182.13623204135476
175.61613612269994
136.44687912232448
148.24274739613924
188.86063503723233
191.0194706189805
212.63243700495622
213.01939822988476
233.4122785021292
231.74655615324448
217.69089405750427
184.21882857080595
189.64811631603996
170.48932954554337
135.72924445380224
128.4098911904981
126.6358812589158
118.97800553043407
111.85128529535199
105.79906647351227
87.79861654187191
116.85211280360602
129.00872864526136
141.1696348369578
146.17924848927393
143.43067105748338
160.32222490971117
145.76697484531795
155.47667120468233
136.76595287814385
142.39051146602273
144.39232697373117
153.9802039224523
157.03696429680352
158.5716049262569
171.56219416487613
173.9273741153665
205.36905771480443
174.45305060865707
195.54514721669776
208.58323379941686
207.60744516728892
180.42613434742637
157.4453416974355
154.83854752612478
151.28580839663124
137.4311797066283
127.76037996534329
130.26445178942714
122.54877133433673
118.32030378970842
123.04741669598576
158.14513734752217
208.40589099159357
220.8418796333703
180.27536203140892
174.55244789651812
164.07185343284473
145.04487175430305
153.9859695628865
164.70752286671333
155.77451417567207
142.1799098169483
107.9412991707375
119.04781485698186
152.18993754151063
144.3620464896043
140.71724154014197
167.34576925900726
163.45074874917725
155.17370488871137
165.7637480137185
148.4527034295959
136.34633572878542
126.25043612685946
94.981649572723
94.86855573195297
99.22322342408893
90.48910517601306
78.88172341479927
79.05239373703716
69.44077300517007
84.72879256125917
103.3570669518485
97.23911570053596
84.45242539770871
103.47636863877024
94.10646464982572
98.63594893456549
103.47379840111965
85.0290673175291
116.22543793086874
107.67602714728203
98.39230367372352
117.29835529774303
100.7979194009259
81.09291502139183
100.03513027376378
98.79113365524707
111.23764061184006
94.20460109074642
87.34835697748801
87.10088671573138
107.02085165466066
108.29890611943718
125.18534481142576
149.4436089856862
133.45167989450965
127.61068407029596
98.64467694147966
125.45725442910384
111.94527125142692
104.52467853202054
107.99103368129941
82.02768922747978
62.59738173438254
39.07339276569441
42.49881017942343
65.71984597939618
71.30596048017306
67.15921397859131
89.95847819966721
110.26769003958806
68.83107357065481
68.5267803287315
94.06795073538892
93.91317514953197
81.86619937434499
68.72235783692713
64.18192944019891
72.70420314916835
69.48415119051727
95.04961032125392
84.41776629754345
93.20486503754331
85.55813929720537
96.04692013108324
63.16224206139468
73.98843738494996
54.58567231629764
50.43456905293784
34.86646175848008
4.420002513825351
12.529104783130661
23.094735811916568
18.64147764767831
31.214277004103202
30.45788823204187
70.24766393901568
42.216074610929404
52.04762583975904
57.500646566413124
57.194942278336384
91.77900861429167
105.18206733511602
79.6625219284451
90.38275364003665
64.94917311936231
52.56354123027358
44.44471797138051
49.628380993137384
37.23791705596152
39.41115831842557
37.05798789285069
64.11831009071354
82.40682671289368
67.80018895417786
58.161388299187756
45.218549536912654
40.79472106371934
33.03936742735852
25.271831925859495
21.522856584467515
20.901722948652438
15.07350508526658
60.983842668912466
65.848449403831
78.46784097110519
78.72374497076608
77.25752563127215
99.45750762120582
92.61196514969801
