675.2666666666665
700.4499999999999
666.1333333333333
644.1
644.5066666666667
626.4277777777778
628.1285714285715
645.8041666666667
635.811111111111
646.0500000000001
652.2733333333333
669.4399999999999
680.2600000000001
679.1333333333333
682.2199999999999
705.0866666666667
717.2066666666666
729.8266666666667
743.9233333333333
757.5300000000001
773.2233333333334
745.7166666666667
754.6999999999999
776.6766666666667
793.43
793.1466666666666
826.7766666666666
848.6866666666666
890.7433333333333
872.0099999999999
868.7866666666667
898.1433333333333
916.0900000000001
924.9633333333335
901.9566666666666
916.19
907.2266666666668
896.3299999999999
866.65
886.14
891.2400000000001
890.57
877.3866666666667
893.7999999999998
936.71
977.0966666666667
979.6366666666667
985.9900000000001
1024.2033333333331
1003.5366666666665
1016.92
998.3233333333333
1021.3166666666666
1008.35
1001.4099999999999
978.5200000000001
998.5600000000001
992.3800000000001
978.6966666666667
1021.3266666666667
1012.7933333333334
1048.7866666666666
1063.99
1079.9033333333334
1070.2666666666667
1053.6566666666668
1027.3799999999999
1016.5233333333334
986.7366666666667
983.6366666666667
1006.92
1008.1199999999999
1007.62
1007.3566666666666
1036.36
1046.1033333333332
1054.0033333333333
1093.8733333333332
1100.0233333333335
1128.7299999999998
1099.6833333333334
1089.82
1074.0533333333333
1086.6266666666668
1091.59
1124.49
1136.7866666666666
1103.55
1124.4966666666667
1098.8033333333333
1089.2333333333333
1086.0900000000001
1085.7666666666667
1099.7333333333333
1101.0900000000001
1086.8799999999999
1060.9366666666667
1037.9166666666667
1053.966666666667
1050.0233333333333
1101.3066666666666
1115.3933333333334
1113.0133333333333
1099.4333333333334
1089.8
1095.0533333333333
1107.6566666666665
1157.8166666666666
1160.4466666666667
1144.0366666666666
1154.1733333333334
1146.1733333333334
1142.3633333333335
1129.0833333333333
1143.99
1131.8766666666668
1148.7033333333334
1150.9733333333334
1125.1
1170.43
1141.54
1169.8866666666665
1196.6000000000001
1218.9233333333332
1203.99
1204.26
1183.4166666666667
1169.9766666666665
1195.3333333333333
1171.033333333333
1171.7566666666664
1132.6833333333334
1109.45
1097.18
1080.0666666666666
1060.7
1066.4833333333333
1079.39
1069.9133333333332
1061.28
1066.48
1080.4633333333334
1093.5933333333332
1076.4266666666667
1112.3999999999999
1142.2300000000002
1143.25
1114.8999999999999
1132.2733333333333
1152.58
1139.6433333333334
1165.72
1139.55
1153.64
1133.1000000000001
1124.7866666666666
1137.0
1170.493333333333
1172.4133333333332
1176.1066666666668
1191.3966666666668
1168.22
1190.2233333333334
1205.1733333333334
1191.7633333333333
1187.6766666666667
1182.4966666666667
1154.1233333333332
1106.8433333333332
1135.4466666666665
1155.7566666666667
1160.5133333333333
1141.0533333333333
1126.04
1138.2066666666667
1146.2233333333334
1163.8799999999999
1170.4766666666667
1210.39
1192.2700000000002
1191.67
1190.84
1210.2133333333334
1216.5533333333335
1225.2666666666667
1229.2333333333333
1204.5566666666666
1198.34
1201.25
1180.7366666666667
1139.0833333333333
1157.7866666666666
1171.6666666666667
1182.89
1180.3633333333335
1178.92
1197.7633333333333
1208.3799999999999
1196.7866666666666
1216.4433333333334
